../../../.git/annex/objects/w7/Mw/MD5E-s1203250--b4bcd0b25bc2f95192be0109a7ac88a3.csv/MD5E-s1203250--b4bcd0b25bc2f95192be0109a7ac88a3.csv